1000
58414 269628771531197
70961 350195436113422
9870 355599746026031
88899 227729727972643
42793 136307586587054
32986 773750027717369
88391 101556198884999
21844 683050591836545
15772 783911583327206
16423 229201134526391
86983 444683239569907
1216 491677498805432
12468 462274205633803
27192 181409865331804
71116 944767710165868
48419 30506098625120
33320 354518823312229
67631 23991235271729
43740 344834046320725
65644 778673332345913
18870 528803449113868
96738 882951581090426
18427 8715703024047
99088 649257428517118
41556 886304567948157
71294 998006853722906
19950 735538504627136
75975 284256485594157
17756 497654615219101
29935 896924850908250
97794 82422537417471
19534 7421934985535
42516 622056487683393
43575 821144368297513
50210 752206802235912
95425 133683655784973
49835 15042532852139
36274 710739000646358
90410 58414574140155
10363 578597805523872
49948 612206150599893
9974 879757406758108
38968 864430837079999
35339 109245649404694
31031 247879886284578
29481 532630777638043
91696 547989433398581
69339 61430842069004
3614 592098289710928
75916 29625824775177
8047 175420443998475
3415 536535634069878
60105 656735130545637
57988 665581474700809
69104 512379970936302
60636 691378795243225
2261 724877957256548
64004 783676287509600
68652 592951450238899
495 311602095693806
23929 256014259850066
62073 350316971379020
13585 568483048478433
51510 469934957156051
93542 138976796795919
6408 368276200178361
50778 683800629222205
67257 341590461751787
20832 54103125228719
71564 751148167094200
41302 770908699898296
44861 101564305944731
80984 319116350291330
8894 670998260503064
94251 85393218054584
96989 597399347398204
87848 42295651800611
92652 833719285910389
11730 142935018480266
23012 134269915020059
50519 674973054681964
81627 875347091489816
6264 761346675587850
63704 171285033409403
18694 581393583825185
30019 459439509320846
64340 930592215928126
56014 193163382573835
30107 281000226160921
1010 167225674136740
5749 847962634936492
98708 345694017315821
84093 438765420794875
46503 895387719922122
56695 962253915211828
62362 804219990781797
51372 270695038238180
40107 223453033211963
93234 966475825818239
94735 189916515529504
6847 513382368183529
71591 496615223171258
89378 937861711135749
9739 910714026562162
97427 80974498007913
34283 442848698317614
61921 352146987865644
4278 236838178439727
302 678196858674828
45548 171237937987008
45279 8898595489105
49588 683142685996830
53069 93785433685516
1428 358115740990790
88831 994768551752020
94113 376986686448904
46060 365088340197110
13335 137223735789425
30968 835021364016742
15872 341276429958982
90451 219992935989582
74323 734505341710645
74212 733384144768121
7880 884783321756950
46288 110510669337018
60342 778184328583363
36031 987031786119383
59939 601425915711721
91657 833712485258139
66228 660682808781326
83321 592520572604543
54711 575886470174748
96519 775058965448817
6681 300295133577675
18471 409932881945928
35543 573198574903545
39475 352204868050962
13465 967743737587187
87095 325024876678227
6356 676347532588360
60067 658520267050829
69030 585696222688781
3046 757150856821308
20841 818877946031179
46822 917665145378889
40813 237703004995659
71269 335408752553565
96200 369816214020297
38045 492582317211732
62321 835187387354657
57951 869784276692809
93244 18662879830808
613 886171120389619
1374 484670813961438
81705 418829350229173
13412 434819596037641
58073 665119675019183
18321 220745343694511
67266 878976938525918
25416 89603656236082
93661 705152279073784
31208 822731809430065
23004 748481022979125
57847 211729590031084
66941 503635245609982
27649 253934098038820
70398 811474655709284
36945 743742390210455
22069 862734294857591
9999 676179484727118
23156 519052885508050
30070 689076492204461
60019 833488708658706
12874 422897708134128
99794 171138155780601
75974 672203980121035
64128 64158933163328
65719 82891380711137
86812 861389492130417
60639 575841692465982
13191 681651899022718
55008 323093563146333
29903 931537259611348
81424 84222353432327
41692 301008069299568
28762 647531905678061
17955 945278059565921
77187 72615385581890
71444 700700011774264
31840 739422453082257
79156 227662226891959
33884 367925166774765
65879 314250771492793
7755 728244245769865
47321 942973416564281
42939 325325588922798
9151 546232306687261
22178 512690545750547
2311 897079153065767
76971 501840650818407
29119 507504474331687
54816 341665274794493
25748 940050239214642
72907 209472151962723
98766 447955404851314
46214 761761863623619
77406 420901912305709
15685 942418214580558
84628 320891158973031
94278 354572122375725
94020 854277035265466
91827 614655364730244
70771 407807219394789
27695 403476124306932
53706 933467015682671
16150 457363615184375
55501 538897937730444
6556 836677934825600
44526 415034662289690
39703 298728383335869
92346 896508147594198
65780 126319118029549
63553 285686538480228
11423 381352798102109
78393 127098330458537
23074 604114749093662
4889 842106567494512
89121 633647159117542
14206 950302591002075
50193 817197436793944
46356 988070993834344
18000 3894988461585
75401 675147163682581
95550 848559050409032
99853 736012337935948
49309 517171447874904
76358 610993856705044
69662 370235738592999
90382 706771298739842
27397 645860352877001
91773 780427850286090
36811 338331693249203
36074 277802303867807
48805 405244957846114
82394 762490055561195
35898 873963245129613
75324 502624548701718
59303 513165127046503
62549 323035355430964
6420 975202752526689
96765 554705604002512
3517 224653668336079
76497 862713050393967
55763 738500414900523
63760 588222123675133
64693 9117595107829
98260 635127746648467
59310 506594268525426
73738 57809368013928
6816 17672747416210
70896 998539800121369
80494 211679799544805
90742 745441482444159
84375 901496121340305
76013 84917892807544
64306 594767800076903
8629 647766268754965
56043 265375995741705
89180 682162899337850
33554 919396025341298
54242 844178903850051
23118 959290068289597
46919 261765657073007
12051 912951657336451
75921 299192674581732
6487 859333896019039
57430 436569986791755
28410 801246188169947
78137 646977996199034
54561 937606461391530
12420 324915838702210
33779 671613607445663
29101 192639824357208
85929 595242306588435
82301 522118614741304
34325 510098598330881
59019 86723408592659
66212 144927446897158
34103 356257024194381
27605 273950699249334
96147 606544891603391
94099 86776340868197
36094 623797616114063
13340 560138320357393
4212 472087922865999
40372 104929929460400
94799 215695779549022
49035 21200951023880
5778 154270973566014
84125 505309997254920
72603 625150280035849
89451 512490304441588
97059 258795107333933
97882 359099049223121
32434 935504038500835
1455 652188117229998
25325 57470597217675
73543 807761267988604
22461 760303072945026
41029 109444136265086
63302 216620776468576
82950 253689174492927
86161 662029123880338
80388 459649550875482
85860 651724162216479
75473 593739626006074
6551 420327862466598
20335 906985999430500
93032 657894850552293
23378 467295241522568
61293 171322014825711
1780 181117568189234
18825 569183618578967
71312 636988594582129
45493 864954417256400
66443 153510214889682
37026 412519087293158
64535 69908293219197
9982 514011870867407
74041 549560869748816
93212 411349678135898
30606 168773963302841
76900 389782057248642
52993 667326462292323
98890 496507037162637
89592 605778072165479
18956 161724246945476
71008 359279477274509
15541 497264675414
21883 48154567110879
16461 661654132990858
50508 468902967587799
64253 268124588762301
45230 965503350091710
94330 818911237661646
49044 506664401696193
18625 923828120184222
54886 171798147870401
43322 875735104920086
1655 436388485463070
20343 213251627339792
69672 101753510028648
44321 922543167868095
32826 755339868752353
5323 870103682533735
9526 759282625036168
40171 511834899023304
47920 57696439216235
62315 846397427813884
68691 538987838972717
57808 435145769184150
91649 861201937430758
32050 884578723882393
60947 876084303909133
26888 477780228209030
76267 365933675505363
2531 215513913011202
76703 766068905179584
22770 238399624101071
59028 303059384490326
49938 864379026518137
10776 699204157075060
52651 499720986215704
53088 655798341221687
18133 913629768146936
3452 115232648406835
42396 108679317847806
5171 753150769662431
87913 804035116019375
93801 998509740476550
19945 145465448964589
20249 258398340881176
21407 805560242623731
18395 184302934533239
27160 624474149800589
61338 407147209810684
73819 595910901711990
86012 329554329549192
82303 555083203480115
60304 243524016512943
9133 696834193063558
17220 240680315614610
63601 892847544048177
24026 905044582784659
374 993240908916102
25268 372260918338115
54829 531109509043956
19262 337548999672564
81668 497499142075435
48143 70161893985983
42712 111726728637759
23186 514403452058635
24208 708983320071857
67222 50344492097966
29404 886251494967109
51694 685762954616405
9413 479881501087302
94267 413647886305202
14823 809556913611865
5581 71084642271997
89731 363138614173041
2454 678280679306950
80117 6871363169498
82259 114797906114927
66848 510657856917762
2157 333252915708614
98210 444374332125593
34852 236787852705266
66980 226257843532340
73849 588960740108914
14690 962393687576708
88217 379503663400324
35114 966091879743079
21081 426587290675284
40409 238221238774282
68889 253429783697274
44765 222806280551343
92402 828306116122148
61744 99204828552632
38817 484666281953915
32009 334182871671985
34023 791847493503846
58294 771464011586334
36716 633111091897942
50866 365446779972285
70976 578003904002873
30270 985448634955163
77195 850646143110848
42087 712462891058526
65675 331144433556431
50754 845205604611502
59905 552704130830268
42408 766864817879246
85684 993249544891418
98941 571467592650964
7299 507359211808832
78724 462909129576276
59049 25027878258460
77269 672763423856495
9265 684615701024498
97590 138831976525358
2369 782419859354950
13868 747097987593824
20723 793317760937891
39725 360996287754848
16017 948578588998187
44772 444502883267713
38000 444960419766974
12798 1743171014282
474 633101837418510
44444 544072306507790
76029 984571755365923
74297 784772347839036
50472 31334966313179
85445 522213656015959
35193 654287115481106
89972 337764341243381
13640 382048419050946
55500 858073359441496
24498 204448283637145
71852 949058755550220
42340 462171662537637
80405 378756433725655
13065 72015949140945
81373 899135440022417
55635 166331808545296
39650 52870991179572
33998 911517513578042
30110 342595977323626
81803 152426014334420
4481 320967112285382
59535 190615061016926
93502 194500450454571
79918 357326284862296
93477 687744328314908
89980 734992413747180
13073 948408615944608
92614 971075650615259
75723 614723876920553
22077 792089449114810
21725 165088935733158
2355 378907795636133
78023 867310729136098
2662 798004089502761
24241 451788160048589
78364 737134604848479
37711 113671540205074
7446 299868712906213
37947 24745176561799
25175 395167054507150
11360 834705958667713
11235 722760806017399
63016 847973260711933
34529 263114333818139
59179 184892876538923
93509 650377094804350
44952 737108330157430
47989 730328203720804
69175 905882175622663
86307 238054411383284
69082 410569915183640
57428 66554229875756
65560 35741358230016
14305 913256300694059
65399 780737945228536
8979 596932862905155
37299 563430161585706
28814 729979729018846
89969 822926275224089
74056 369179923237608
35721 49911529731055
84329 209276773330347
87353 23382401711306
37439 787736471561449
53529 870173249937781
60745 832205288335156
9318 894890524121658
54368 357289353235441
39819 805128608557839
81206 910696262235975
7763 586740237593360
94438 664727746864076
74138 146987734602772
16240 932762720326366
22054 138913164811107
54098 374103884959035
42147 132830217029679
51934 51520041105627
90915 981355061720047
10172 631053321367009
17491 86622001225389
84924 630213988909047
27568 185876619999756
29369 389332290983159
46174 876672941101350
86053 703758320110101
60412 86698947437394
23620 414726794670132
2206 242358573975987
47374 276712794338131
83516 752357590334937
89100 711868535918419
76418 647010761008112
221 475932541089977
82885 134959881085166
77984 187202494773476
38947 93520300149025
44726 812600361006014
89373 246688464022478
90688 515952364772209
92480 571068926760353
58071 704669700713451
77444 581831394137388
24979 91027784414540
52867 579599324438095
54161 85376251097639
20356 269380446444740
46988 647493147464295
34452 437080020809647
10962 35914723707800
7429 283891053869334
89882 854656414282566
49267 827361442677682
94969 893958464582794
99931 949295225040134
80075 656557345307475
63944 136376584226640
26526 757093891687839
73606 469115367430192
32409 199764217682851
58846 531609941430140
52298 820682262928167
49276 536397552572183
21435 435218309584773
90899 455865572525114
83632 163226012508635
33766 428111859940492
65732 880035208465996
33786 204272562441715
78421 659580970716088
7383 405664151367529
55979 891441537320842
8633 21408051497441
36292 279586475668386
84842 479231670471511
50383 875055060800954
13745 466297686927327
12985 787236863098886
59737 376640081995541
58965 937972311901231
82880 525975506605116
71438 530724528619878
22566 140325167323921
1107 648942774488511
89139 146913008343477
93889 952054120362295
59311 527446490705135
55672 838594946699222
64764 697276774307891
54794 243834173800940
71567 146611148407657
71155 886055459234262
26408 443636610431539
65366 305563890563648
21753 461292279912397
75127 607424206178014
81467 979066752935136
32495 319260249144083
46817 385145018734679
99565 244625791262290
38472 988285536705593
67143 634971344740188
75686 135233103513020
68615 495672702381829
60559 853852185896706
44559 491678297277219
5374 798081772560178
35080 930979856825421
98071 753000481262206
90365 124042079116678
2933 505249241779567
32830 248619960975650
33333 796167510762925
44864 620968696858153
93112 236844653525431
71075 19563524010717
26002 471545621993866
22649 883534932798261
44476 752785130682773
98614 683309450038887
78702 724596683183585
62491 183889065454531
52613 184065964207339
44981 811453932826588
40042 652060984418381
15856 980433380272195
63813 481623611925854
65733 171207114638906
303 707105099706458
36754 156826417639039
94999 143139665572140
26372 888834745723592
78966 521740284374594
56572 616029652159911
86546 622850830062131
77749 188955071095514
50980 493294950834736
73084 542097465587675
42422 1619749485047
79370 190314086596935
81285 712662523897578
70058 319549225093365
75290 449010126931191
88330 513107695970707
24382 572350027192857
7050 787581846234979
49510 472573759931589
30514 785140160349235
1873 695826097196754
81534 552312417838885
3977 296137980412817
94957 906056827026109
33883 128233997980716
46875 349611096322735
62142 172451777494958
53085 521076556643405
44376 180853752213071
67535 369854796109354
3319 813510762369149
83647 410113863385854
94112 612038001007714
93980 428459154618078
64744 338877813766001
30142 627164241011860
2259 506635270558048
82723 671056974292033
39954 394421952287560
23401 424413435080668
28970 439916389335618
25000 346002651749758
78190 651498025992539
54689 352291161772884
18925 858111270711341
88202 672939430374919
42466 898683382381410
77096 399297422550342
13312 589554537957477
2030 736596327270966
57319 810186169050180
64616 509969471732888
43341 477572262453696
83179 428878136263056
52145 479427627550725
54705 121790669774598
74306 42668783914693
17731 275824446449004
54315 41224293304513
12757 283595836986808
4970 651417876432658
28229 116396341541109
84185 715277051287517
81184 332653339698999
5400 379124990112557
15999 970814132503701
80695 927582415968231
44018 213496378457898
12902 111407551637030
95339 802851019069216
73798 834619012904335
29773 729350689796002
99914 488164297994343
93553 874046048010929
56019 330479268994251
92553 331527728374221
43217 436254732929487
28315 418565077213537
97508 978250671456949
20653 629145440559440
20372 399992178650953
11650 98609397476503
3317 581002440048641
27648 591554313156082
2002 331683738026216
27913 406311968387437
68349 787001121318146
33555 973397821062141
14927 275191909946853
63610 29824443859925
9305 98709863121283
49024 196731229823659
81315 943296416360726
71322 646878376627993
20267 695587505747885
89928 631735293457189
63608 671697568759949
40860 982184933718312
79500 625056912477722
35516 374395097702305
7407 170730751046190
97729 59672875216218
54997 231958865052116
67111 77498139353930
65911 348900982104630
60481 867036642098239
66868 98615660556594
15092 727365324367387
32406 241847307070557
94131 372530711827683
98352 355860031547000
11331 861743511535314
85604 878155643348719
31384 197732558605376
47465 555563657467122
95359 768104750443851
17402 217649758715061
82205 441581874827127
16693 17454360511227
25806 875223612351745
23454 693348970155019
29204 95487818351306
9473 660340828492261
90425 85337706933865
26143 44120453573169
8273 416217218596930
27449 99550369408586
72831 680637363759857
29824 682994878862448
94515 193579472694244
34234 310213746751903
58153 295764641768492
20775 249640121780739
40725 63750862711197
13733 790709360340466
64924 862654432836479
44372 452175286859813
23399 68830901896271
7462 280069455514713
46534 916573571587088
77870 872910268814974
71503 493442727404428
65708 30731297945286
69201 803698104649785
23453 998704469160738
45435 423401630454840
33792 530123119265791
52485 575364132590492
4479 889019511133323
17861 531049703060289
24671 333565996663885
62651 145712382313112
80199 905468042816232
77798 462456241323192
48585 707659835810585
86928 341235187808267
21000 870496513572100
10976 830437631236471
83055 238453644253837
9786 154009968289327
61549 936412372976927
30188 761272898179476
95624 837745475484456
33270 558199375522127
38180 139292282912943
48187 74076376044628
89621 321341814345624
60343 443487650668265
43315 723883239838994
8287 190292143901651
75553 252566433682341
90096 613672519313111
17217 550866903175520
40510 375078052819690
2622 953344037622110
48845 506002935615178
58470 260367831007224
98801 537475970084585
47304 842669946881281
82783 23259338534330
17725 963746848966955
7107 70358051284876
90889 795593682427586
93614 2392026946744
25003 568969147177080
27258 120258652163780
49194 134847712595228
77839 761212999244722
16497 931454335398483
55505 343643086750360
87303 434782342128220
42097 155906753388635
52421 528258958191265
17681 668308958593329
52355 401898097726164
32942 960147515087908
64627 372783041386045
66475 585778542909056
61322 967823076797096
92371 591159554290096
89145 856248334663305
30427 82833217852789
61640 479828789301302
92026 423477621995637
53119 751674655285545
48328 253137157266140
1009 743421344250336
90244 13181854127928
14513 440583963603178
20848 988428960298694
82435 592049135968041
58348 409479438302819
27876 997966971728423
76748 363734560787143
52504 720676017821841
93630 738110994696932
27539 982381732532445
80119 576993522722190
50405 663854502554537
54818 614782971008750
72041 700322999559867
19280 205525376222328
84709 560747693133181
48112 305870461583858
19953 228346015613159
39560 553679554920807
7201 709144174642008
4547 83182343630344
87329 405515039870430
2684 277685764775190
43382 772879066110867
97693 382360850592618
93211 753585540791230
59845 529126179580033
72122 437310963912905
78286 287810485441413
96843 531388296652832
53059 458096509348477
96253 305176483800691
60475 914380327661451
78190 114805337914555
53470 545855537119528
9640 900561127654595
62929 818536417875175
11742 727197511894538
42619 810287071096996
29274 552728028219508
59058 201351605836571
65238 895502332833923
86899 71433933999932
91545 199191925064132
97056 541105916434877
70171 768433859653691
19915 486948380934927
7342 820215549694760
14654 754148323584460
52704 604560546232869
41989 125523321956805
77594 605852569984488
54714 456245656117801
85395 883313977129746
83986 772599446087530
65423 258680679524787
92511 17402041399030
7283 71500823157381
62521 85528158054912
68744 483918059821837
95191 430470867167875
3952 964805507186479
21461 925838335170372
15562 116399097186743
72012 927839808330028
92580 116860925073475
2354 540709497068128
31123 750156514344529
78214 178695252344292
2247 943475678448719
86004 874664842023152
6347 790561751673144
13344 290455712311720
95900 956220480783650
90897 832218379445386
7269 662467356864919
18895 405244275732433
69151 816844434008988
81202 502940821306186
86785 784439612749138
27876 289735941687566
54810 562543085718576
10867 362772444612656
17488 366086707432971
13107 417877865906586
2934 159705806096085
60134 302123474806100
57164 911894030700478
69173 80584695363816
1179 101848793090859
80533 849871748705696
90457 463026382153057
16382 104559652510437
3828 626958702243243
58797 185278767485618
30798 912246838618403
72342 114994851291130
5255 775281662091367
7679 153345833467396
87922 332278648397791
42844 732835076485809
15856 810836276347739
12649 193483463584377
99656 372197892808457
29818 60078298399564
40450 472969040355547
98182 250071943881026
24455 878235684888471
22264 499340868793809
93422 764634145551401
13981 384704129677178
2324 590414637606292
41858 279792180823239
76629 294083580584785
99497 65417287934506
40219 405241544244717
63683 151011444551534
69996 963793917538511
54513 59282192393173
41607 815687141186599
92448 956401691914648
52514 955540807698827
17002 94920987706199
82621 704315896610785
7079 930841415167931
16078 102950227263451
51623 976856390518204
60478 355046833561788
90784 714322752562179
10657 688588197306285
20165 427331501072311
49802 707283918659834
84943 679098078108448
94234 317157563291911
92906 841901520388147
998 837821828734243
53414 220838302705196
99375 877793655208724
7207 139586230554177
59065 648436052295547
11448 774104313003542
32934 910215745975626
43999 719181630093666
96852 206188046778242
45188 956983772099750
