269633387434703
350200371223852
355635778019751
227732289669508
136310771939142
773773485350466
101557347840750
683081862751338
783961289216707
229215091482579
444688351929240
492082171643954
462311285460997
181416537019690
944780995235264
30506728682095
354529463452188
23991590014228
344841930224022
778685194590666
528831474099246
882960708431371
8716176035173
649263980914793
886325896418087
998020852388325
735575375573280
284260227091058
497682644203343
896954814322792
82423380244027
7422314954561
622071119142588
821163213121681
752221783749231
133685056728716
15042834704947
710758594807321
58415220254746
578653643953279
612218407715447
879845620676363
864453020744050
109248740854391
247887874679237
532648845167813
547995409617932
61431728031132
592262169669331
29626215025124
175442246191365
536692791549101
656746057191626
665592952816157
512387385664619
691390197548745
725198699715511
783688531877637
592960087424813
312232869166870
256024959208969
350322615098754
568524897937243
469944080512302
138978282527275
368333680465574
683814095961658
341595540710716
54105722469620
751158663414464
770927365516559
101566569972950
319120290826384
671073712910632
85394124083422
597405506916364
42296133270118
833728284402428
142947204942750
134275750051783
674986415722675
875357815365682
761468238205698
171287722215792
581424686033702
459454814787876
930606679818082
193166831119397
281009559856070
167391408204268
848110158011463
345697519539749
438770638478136
895406974743848
962270887976409
804232886982800
270700307651628
223458604773156
966486192060082
189918520263976
513457358304502
496622160106907
937872204458540
910807548232583
80975329146397
442861616137412
352152674994001
236893553276865
680450004384711
171241697574642
8898792021537
683156462645669
93787200954561
358366698062262
994779750317276
376990692172790
365096266733513
137234027055045
835048328894321
341297933104968
219995368194512
734515224455212
733394027186425
884895618155193
110513056846887
778197225027382
987059180840063
601435949845587
833721581361888
660692784815402
592527683989235
575896996339437
775066995650079
300340087938989
409955076471209
573214702262019
352213790502906
967815613978867
325028608564197
676453960209538
658531230329007
585704707473765
757399510633071
818917239598646
917684744813872
237708829336661
335413458855868
369820058303647
492595264912215
835200788949447
869799285912424
18663079983954
887619112416399
485023815282604
418834476408432
434852018645652
665131128381819
220757393112834
878990005900310
89607181857023
705159807925792
822758173124410
748513561388157
211733250259795
503642769291571
253943282576509
811486182829128
743762521825607
862773389215704
676247116201885
519075301957434
689099408712898
833502595970989
422930559661210
171139870712066
672212828053591
64159933661295
82892642030421
861399414715021
575851188849313
681703578469194
323099436827194
931568412619829
84223387812703
301015289276764
647554419912812
945330709563668
72616326366301
700709819593249
739445676878641
227665103049206
367936025469885
314255541685748
728338164295241
942993344151275
325333165558619
546292004207117
512713663870479
897467499019475
501847170769697
507521903567016
341671507856151
940086750273764
209475025143969
447959940419631
761778347337371
420907349963642
942478302454479
320894950802576
354575883336748
854286121482456
614662058426634
407812981825471
403490693387754
933484397062722
457391936666521
538907647603195
836805574480035
415043983674581
298735907601229
896517855842046
126321038385863
285691033799627
381386185669794
127099951776151
604140931850524
842278847888843
633654269161966
950369490163708
817213718221996
988092309140003
3895204861855
675156117888995
848567931287433
736019708968455
517181936465961
611001858510467
370241053413897
706779118649986
645883927864330
780436354272603
338340884547579
277810004982321
405253261365453
762499309867453
873987591544219
502631221624314
513173780466742
323040520030238
975354676931195
554711336564249
224717563008529
862724328278436
738513658694054
588231349386384
9117736046354
635134210460908
506602810134094
57810152007961
17675340629330
998553884891805
211682429336209
745449697490085
901506805865411
84919009971844
594777049245709
647841345976656
265380731047292
682170548704846
919423426647450
844194467333464
959331565459138
261771236289023
913027420959466
299196615475759
859466386598135
436577588699968
801274392126023
646986276351539
937623646260690
324942001504263
671633490612441
192646444282443
595249233810139
522124958831398
510113459611568
86724878032636
144929635769806
356267471001729
273960623561000
606551200185043
86777263059326
623814899177707
560180312884595
472200031135499
104932528601601
215698054868960
21201383396336
154297677906253
505316003983050
625158890684041
512496033790994
258797773730390
359102717954021
935532882703915
652636664765919
57472866629980
807772251661443
760336924373028
109446803812523
216624198543684
253692232868247
662036807598117
459655268834242
651731752849519
593747493024650
420392034659340
907030603836884
657901922333210
467315231052512
171324810003137
181219376827901
569213855702775
636997527125419
864973430586595
153512525329086
412530228929546
69909376497673
514063369902660
549568292234901
411354091238194
168779477890761
389787126001906
667339055258474
496512058014674
605784833760641
161732778955338
359284537049985
497296674427
48156767758311
661694330690310
468912251508197
268128761777752
965524697089213
818919919098294
506674732720023
923877724357341
171801278017943
875755319945245
436652323725139
213262110656444
101754970514503
922563983372785
755362879867928
870267174394414
759362339747457
511847640743468
57697643257204
846411010595085
538995685643833
435153296746022
861211334274523
884606324703756
876098678672102
477797998143504
365938473628714
215599096376028
766078892779714
238410094460950
303064518740491
864396335908499
699269048412143
499730477592460
655810694497276
913680155846480
115266039495912
108681881341563
753296446793893
804044261927965
998520385569732
145472742659382
258411102553483
805597875074568
184312954264375
624497143068006
407153847683579
595918974416502
329558161086199
555089947948092
243528054852934
696910499917813
240694293215842
892861582531573
905082253735035
995903753175930
372275651425475
531119195873842
337566524671249
497505233876799
70163351380648
111729344514901
514425638966207
709012608431425
50345241037911
886281636500114
685776220686368
479932487222139
413652274397263
809611532213512
71097381455199
363142661187575
678557189979313
6871448937174
114799301698409
510665496121569
333407485706623
444378856907762
236794646996755
226261221573868
588968715419553
962459205562110
379507965382542
966119393537962
426607527264025
238227134172192
253433462564184
222811257905479
828315080377038
99206435290700
484678768203965
334193312276573
791870768075990
771477245834212
633128335833442
365453964613589
578012047770453
985481191320915
850657162699716
712479819797086
331149475801970
845222257924697
552713357328178
766882901328154
993261137033907
571473368551435
507428732117383
462915009803523
25028302114954
672772130739342
684689601683071
138833399144470
782750273146907
747151863557449
793356044779264
361005375366562
948637815933064
444512811633915
444972129559857
1743307231443
634440319104384
544084548532552
984584705486343
784782910619641
31335587164089
522219767781045
654305707408688
337768095390175
382076430519459
858088820501324
204456629486989
949071964256508
462182578517290
378761144392210
72021461690634
899146489713220
166334798296321
52872324655603
911544325282415
342607355847566
152427877687569
321038756730088
190618262801805
194502530651044
357330756079744
687751685757763
735000582235535
948481168623306
971086135921324
614731995088019
792125329231185
165096535113370
379068759015757
867321845369072
798303978300018
451806798174003
737144011514952
113674554565726
299908990772285
24745828677346
395182751935230
834779442773590
722825142923756
847986717400986
263121954135962
184896000890481
650384050114000
737124728198188
730343422696458
905895271325898
238057169643560
410575858495334
66555388811968
35741903408530
913320146911948
780749883482690
596999351306013
563445267761950
730005064101240
822935422101592
369184908450263
49912927030319
209279255030059
23382669391516
787757512655299
870189506350311
832218988540745
894986573335366
357295925041007
805148828775041
910707477016619
586815828966407
664734785712693
146989717252927
932820159991390
138919463870863
374110800386599
132833368698094
51521033153864
981365856042832
631115365740361
86626953884121
630221409913826
185883362721851
389345548007504
876691927802259
703766498401368
86700382589062
414744353702888
242468487161463
276718635488033
752366598987159
711876525553947
647019227851366
478095870822204
134961509383523
187204895328658
93522701430290
812618529823476
246691224265775
515958054147365
571075101880399
704681835545562
581838907164958
91031428732916
579610287993583
85377827468597
269393680561489
647506927725802
437092707814982
35918000299690
283929272912665
854665923037634
827378236438950
893967877842677
949304724642105
656565544689862
136378717010278
757122434341625
469121740847316
199770381723139
531618975501708
820697955649794
536408438367263
435238614628609
455870587658258
163227964249167
428124539101159
880048596900805
204278608691898
659589381593041
405719104517267
891457462175915
21410531577549
279594179685240
479237319057341
875072429207543
466331614291044
787297494403807
376646387072579
937988219443322
525981852911256
530731957886625
140331386032865
649529522024214
146914656495873
952064260679698
527455383749995
838610010106502
697287540899529
243838623898102
146613197022200
886067911878656
443653410394065
305568565296158
461313486802793
607432291583947
979078771037816
319270074350248
385153245516521
244628248232593
988311225810027
634980801880945
135234890301729
495679926457125
853866285638868
491689331845585
798230308159016
931006396346411
753008159456161
124043451810218
505421564167622
248627534156708
796191396743687
620982538302034
236847197206129
19563799266422
471563757666416
883573944407798
752802056711568
683316379241426
724605890140080
183892008150409
184069462762121
811471973154129
652077269251037
980495217760701
481631159465688
171209719262447
709446507321380
156830684676223
143141172337183
888868450730824
521746891609247
616040541655450
622858026905739
188957501448334
493304627269166
542104883146691
1619787667774
190316484435972
712671291459753
319553786368114
449016090752292
513113505022048
572373502441090
787693575820201
472583305140741
785165891682120
696197799171752
552319191935481
296212461796220
906066368885781
128237782704108
349618554851905
172454552663968
521086372718995
180857827790585
369860272681097
813755943430743
410118766356269
612044504370774
428463713712712
338883047966049
627185048690470
506859644017108
671065086486785
394431824436141
424431572406953
439931575099342
346016492409454
651506358341411
352297603609516
858156615842957
672947059987172
898704545301046
399302601841120
589598828734875
736959361439162
810200303984564
509977364164548
477583281656798
428883292411752
479436821851652
121792896132264
42669358153087
275840003383377
41225052303911
283618069335270
651548972805455
116400464976759
715285547878927
332657437272871
379195211448010
970874815972416
927593911028780
213501228774331
111416187211918
802859440171180
834630322564794
729375187669500
488169183888050
874055390900958
330485168513494
331531310444066
436264827679878
418579860185819
978260704076878
629175904700470
400011814023720
98617862529080
581177651882190
591575709846976
331849497015734
406326525279396
787012635936296
973426830951306
275210347030461
29824912731371
98720472521876
196735242863045
943308017025019
646887446584620
695621828628855
631742318436265
671708128880199
982208972117042
625064774927721
374405639588767
170753804077657
59673485817838
231963082792770
77499294146648
348906275701688
867050978021554
98617135359718
727413522984070
241854770341875
372534669447058
355863649812513
861819570097673
878165901816802
197738859231785
555575362415239
768112805402537
217662266603039
441587246607999
17455406183435
875257529174544
693378533493191
95491088146133
660410543529052
85338650684494
44122141296127
416267534991828
99553996280103
680646709323000
683017780477941
193581520850841
310222808585418
295769727829878
249652138730858
63752428148352
790766941855200
862667720183533
452185477644038
68833843639236
280106993305292
916593268867976
872921478799291
493449628508276
30731765647326
803709718784245
998747054205474
423410949502919
530138807559101
575375095248303
889218041618167
531079437086216
333579517782517
145714708129270
905479333223010
462462185720036
707674401507847
341239113345646
870537967761041
830513297535444
238456515321386
154025707683122
936427587319764
761298116747011
837754236404689
558216153885634
139295931313448
74077913345421
321345399949443
443495000236570
723899952293162
190315109402966
252569776630690
613679330706854
550898900556048
375087311948595
953707770562828
506013295187195
260372284099136
537481410124768
842687761183690
23259619505296
963801224212326
70367952502337
795602435988918
2392052499038
568991904122411
120263064191962
134850453792402
761222778696907
931510800864983
343649278071467
434787322338777
155910456988820
528269035622745
668346758873792
401905774276145
960176662579334
372788809699748
585787355054299
967838859694909
591165954198662
856257939890069
82835940301282
479836573801201
423482223762787
751688806320133
253142395272994
744158865425187
13182000198583
440614323578619
988476373785540
592056318066883
409486456306114
998002773234135
363739300184914
720689744199720
738118878055663
982417406210000
577000724518574
663867673225566
614794186196939
700332720867467
205536036805149
560754312905730
305876819183192
228357460381383
553693551218866
709242666888486
83200641550192
405519683455990
277789263010290
772896882183943
382364764534912
753593625605528
529135021338264
437317027486121
287814161886267
531393783820555
458105143230442
305179654399575
914395447883821
114806806220044
545865745942156
900654556550502
818549425382451
727259448485279
810306083886688
552746910056976
201355015281782
895516059742469
71434756043408
199194100978720
541111491685162
768444810684895
486972833500003
820327280460281
754199790746378
604572017316986
125526311461471
605860378067304
456253995007207
883324321111490
772608645342707
258684633556756
17402229508871
71510642001538
85529526067676
483925099346731
430475389395705
965049699924314
925881477683660
116406577367784
927852693025537
116862187356768
540939292859487
750180618081896
178697537070006
943895747762364
874675012189797
790686328060107
290477480708056
956230451904107
832227535165983
662558505373018
405265724037489
816856246654454
502947015082387
784448651738038
289746335802066
562553349417707
362805830628173
366107642224955
417909750376745
159760257444907
302128499060250
911909983222751
80585860353918
101935252168185
849882301923655
463031500955371
104566035493924
627122527354882
185281918699433
912276459907444
114996440913215
775429222362035
153365805573864
332282427684291
732852181615619
810887417077877
193498761138423
372201627672666
60080313300405
472980733327940
250074490931309
878271598672918
499363297975356
764642330372218
384731647855266
590668798018520
279798865300884
294087418393165
65417945421117
405251620368448
151013815887932
963807687006580
59283279900371
815706746222920
956412037320036
955559003970373
94926570965284
704324421373513
930972927094346
102956630835464
976875313775546
355052704336356
714330621026016
688652817069545
427352693866452
707298120862975
679106072952907
317160928965966
841910582349509
838662171591549
220842437247399
877802488441312
139605601388281
648447030828194
774171938085485
910243384385305
719197975873703
206190175698405
957004950398200
